url_path,views_total,views_unique
/jongpie/ApexUUID/blob/main/apex-uuid/classes/Uuid.cls,116,36
/jongpie/ApexUUID/tree/main/apex-uuid/classes,98,29
/jongpie/ApexUUID,94,54
/jongpie/ApexUuid,33,22
/jongpie/ApexUUID/blob/main/apex-uuid/classes/Uuid_Tests.cls,25,8
/jongpie/ApexUUID/blob/main/LICENSE,15,6
/jongpie/ApexUUID/tree/main/images,12,1
/jongpie/ApexUUID/tree/main/apex-uuid,7,3
/jongpie/ApexUUID/tree/main/config,6,2
/jongpie/ApexUUID/tree/main,5,3
