url_path,views_total,views_unique
/jongpie/ApexUUID/tree/main/apex-uuid/classes,61,16
/jongpie/ApexUUID/blob/main/apex-uuid/classes/Uuid.cls,56,18
/jongpie/ApexUUID,45,34
/jongpie/ApexUuid,21,14
/jongpie/ApexUUID/blob/main/apex-uuid/classes/Uuid_Tests.cls,7,3
/jongpie/ApexUUID/blob/main/.prettierrc,3,1
/jongpie/ApexUUID/issues,1,1
/jongpie/ApexUUID/tree/main,1,1
